LINE_OFF: 2560.5274806729376 pixels
SAMP_OFF: 2559.4546663669416 pixels
LAT_OFF: 29.999261095049853 degrees
LONG_OFF: -135.00021144278304 degrees
HEIGHT_OFF: 359.1 meters
LINE_SCALE: 2558.091110632906 pixels
SAMP_SCALE: 2559.3405156857834 pixels
LAT_SCALE: 0.06402453665267771 degrees
LONG_SCALE: 0.06757684411631715 degrees
HEIGHT_SCALE: 463.5 meters
LINE_NUM_COEFF_1: -0.0009724174922626727
LINE_NUM_COEFF_2: -0.21324201986901142
LINE_NUM_COEFF_3: -1.095765802547986
LINE_NUM_COEFF_4: -0.03616605563011118
LINE_NUM_COEFF_5: 0.00020575768739552488
LINE_NUM_COEFF_6: 3.962663614219464e-06
LINE_NUM_COEFF_7: 2.543615554136579e-05
LINE_NUM_COEFF_8: -5.9245101115996685e-05
LINE_NUM_COEFF_9: 0.0005282299304412072
LINE_NUM_COEFF_10: 3.474805899133725e-06
LINE_NUM_COEFF_11: 8.795497496817011e-08
LINE_NUM_COEFF_12: 1.0404962056933507e-07
LINE_NUM_COEFF_13: 1.8846580069687192e-06
LINE_NUM_COEFF_14: 1.3421579336259782e-07
LINE_NUM_COEFF_15: 6.07460683414602e-07
LINE_NUM_COEFF_16: 4.026345028261327e-06
LINE_NUM_COEFF_17: 8.033427134873612e-07
LINE_NUM_COEFF_18: -4.101203011973111e-08
LINE_NUM_COEFF_19: 2.5001738267228115e-07
LINE_NUM_COEFF_20: 3.1016195467598415e-08
LINE_DEN_COEFF_1: 1.0
LINE_DEN_COEFF_2: 5.60647095525414e-06
LINE_DEN_COEFF_3: -0.0004419521970872269
LINE_DEN_COEFF_4: -6.325932391674357e-06
LINE_DEN_COEFF_5: 2.3240759844476692e-06
LINE_DEN_COEFF_6: 9.618503943733202e-08
LINE_DEN_COEFF_7: 3.8086321457911235e-07
LINE_DEN_COEFF_8: -6.220390337599839e-07
LINE_DEN_COEFF_9: 3.938095109498073e-06
LINE_DEN_COEFF_10: -7.294271317026995e-07
LINE_DEN_COEFF_11: 4.870252379134374e-09
LINE_DEN_COEFF_12: 9.603881293166526e-10
LINE_DEN_COEFF_13: 6.846478315806272e-08
LINE_DEN_COEFF_14: -4.707964923442113e-10
LINE_DEN_COEFF_15: 1.6095977729548647e-08
LINE_DEN_COEFF_16: 1.1253306523214349e-07
LINE_DEN_COEFF_17: -1.7093420595436034e-09
LINE_DEN_COEFF_18: 1.4460513694035685e-10
LINE_DEN_COEFF_19: 9.93353802412216e-09
LINE_DEN_COEFF_20: -4.101094358877267e-11
SAMP_NUM_COEFF_1: 0.0016515934170994663
SAMP_NUM_COEFF_2: 1.1059376687174052
SAMP_NUM_COEFF_3: -0.2525242104391975
SAMP_NUM_COEFF_4: 0.0016566190978867187
SAMP_NUM_COEFF_5: -3.284803295559861e-05
SAMP_NUM_COEFF_6: 0.0005343358706601388
SAMP_NUM_COEFF_7: -0.00012227662621127787
SAMP_NUM_COEFF_8: -0.0009525738896102704
SAMP_NUM_COEFF_9: -7.672169510679173e-05
SAMP_NUM_COEFF_10: 6.039166158942124e-07
SAMP_NUM_COEFF_11: 2.739907618805238e-07
SAMP_NUM_COEFF_12: -3.0171544452310485e-06
SAMP_NUM_COEFF_13: -1.981289589021576e-06
SAMP_NUM_COEFF_14: -6.171104001772944e-07
SAMP_NUM_COEFF_15: 1.6446030087058254e-06
SAMP_NUM_COEFF_16: -1.6647552217613414e-06
SAMP_NUM_COEFF_17: 1.2557013326286718e-07
SAMP_NUM_COEFF_18: -8.427732549293882e-07
SAMP_NUM_COEFF_19: -2.609841044032439e-07
SAMP_NUM_COEFF_20: -9.754175822759173e-10
SAMP_DEN_COEFF_1: 1.0
SAMP_DEN_COEFF_2: -0.0007822496076933661
SAMP_DEN_COEFF_3: 0.00043422079385812087
SAMP_DEN_COEFF_4: -0.0006245578080862535
SAMP_DEN_COEFF_5: -2.300359152603709e-06
SAMP_DEN_COEFF_6: 1.6528933399091228e-07
SAMP_DEN_COEFF_7: 2.8968510290596704e-09
SAMP_DEN_COEFF_8: 3.8283310906460695e-06
SAMP_DEN_COEFF_9: 7.194625957505914e-07
SAMP_DEN_COEFF_10: -9.947771249760102e-07
SAMP_DEN_COEFF_11: -7.370078484479513e-10
SAMP_DEN_COEFF_12: -5.946755037239298e-09
SAMP_DEN_COEFF_13: 1.842273099149011e-08
SAMP_DEN_COEFF_14: 1.1208132400229821e-09
SAMP_DEN_COEFF_15: -4.093153820235626e-10
SAMP_DEN_COEFF_16: 3.132801490877705e-08
SAMP_DEN_COEFF_17: -6.662761880523059e-10
SAMP_DEN_COEFF_18: 5.8497880736767874e-09
SAMP_DEN_COEFF_19: 3.0597467210807948e-09
SAMP_DEN_COEFF_20: 6.022018039341474e-10
