LINE_OFF: 2562.769499623303 pixels
SAMP_OFF: 2559.6464260333196 pixels
LAT_OFF: 30.00086810990163 degrees
LONG_OFF: -134.99996144050147 degrees
HEIGHT_OFF: 359.1 meters
LINE_SCALE: 2555.8187123510734 pixels
SAMP_SCALE: 2559.2893053278513 pixels
LAT_SCALE: 0.06368229522564839 degrees
LONG_SCALE: 0.06749009160517971 degrees
HEIGHT_SCALE: 463.5 meters
LINE_NUM_COEFF_1: -0.0006758938239628761
LINE_NUM_COEFF_2: -0.21031637605350473
LINE_NUM_COEFF_3: -1.095856810717639
LINE_NUM_COEFF_4: 0.03583543529864845
LINE_NUM_COEFF_5: 0.00030571351101187896
LINE_NUM_COEFF_6: -9.82060974789761e-07
LINE_NUM_COEFF_7: -1.9000180469186135e-05
LINE_NUM_COEFF_8: -0.000519375844802195
LINE_NUM_COEFF_9: 0.0003589642942666193
LINE_NUM_COEFF_10: -2.876021835231136e-06
LINE_NUM_COEFF_11: -3.041236805756887e-08
LINE_NUM_COEFF_12: 1.1730524232692867e-07
LINE_NUM_COEFF_13: 2.3348181782109156e-06
LINE_NUM_COEFF_14: 1.8727427655311173e-07
LINE_NUM_COEFF_15: 1.5791426959771449e-06
LINE_NUM_COEFF_16: 5.937165154640859e-06
LINE_NUM_COEFF_17: 1.5194193310119774e-06
LINE_NUM_COEFF_18: -8.49589283450558e-08
LINE_NUM_COEFF_19: -4.2182139117540784e-07
LINE_NUM_COEFF_20: -4.9180268366992986e-08
LINE_DEN_COEFF_1: 1.0
LINE_DEN_COEFF_2: 8.366127052007887e-05
LINE_DEN_COEFF_3: -0.00028237325892458673
LINE_DEN_COEFF_4: 3.2985063700124445e-06
LINE_DEN_COEFF_5: 3.0502721118152654e-06
LINE_DEN_COEFF_6: -1.7128988948152297e-07
LINE_DEN_COEFF_7: -5.449557073395833e-07
LINE_DEN_COEFF_8: -6.527088217857733e-07
LINE_DEN_COEFF_9: 5.170120504228098e-06
LINE_DEN_COEFF_10: -1.3435795988615967e-06
LINE_DEN_COEFF_11: -9.146223637393705e-09
LINE_DEN_COEFF_12: 3.336660869790026e-09
LINE_DEN_COEFF_13: 1.0678630221580131e-07
LINE_DEN_COEFF_14: 6.902102094706922e-10
LINE_DEN_COEFF_15: 3.402814759663248e-08
LINE_DEN_COEFF_16: 1.908751305200778e-07
LINE_DEN_COEFF_17: 4.216519125504326e-09
LINE_DEN_COEFF_18: -1.7515896248871025e-09
LINE_DEN_COEFF_19: -2.624906125160525e-08
LINE_DEN_COEFF_20: 6.545367362122521e-11
SAMP_NUM_COEFF_1: -0.0004496008149510133
SAMP_NUM_COEFF_2: 1.1023861757993636
SAMP_NUM_COEFF_3: -0.2506905731480085
SAMP_NUM_COEFF_4: 0.0016607448285257105
SAMP_NUM_COEFF_5: -0.0004056261828710549
SAMP_NUM_COEFF_6: 0.0005374155669399515
SAMP_NUM_COEFF_7: -0.00012052634916238273
SAMP_NUM_COEFF_8: 0.0001556790559263998
SAMP_NUM_COEFF_9: -5.115504662018332e-05
SAMP_NUM_COEFF_10: 5.956362006582455e-07
SAMP_NUM_COEFF_11: 3.910511328891932e-08
SAMP_NUM_COEFF_12: -3.8139550729140124e-06
SAMP_NUM_COEFF_13: -2.0919510215249446e-06
SAMP_NUM_COEFF_14: -6.062280956323362e-07
SAMP_NUM_COEFF_15: 1.269295527243628e-06
SAMP_NUM_COEFF_16: -2.676958333870067e-06
SAMP_NUM_COEFF_17: 1.1919015217413694e-07
SAMP_NUM_COEFF_18: 2.300384680855496e-07
SAMP_NUM_COEFF_19: 2.06217165998965e-07
SAMP_NUM_COEFF_20: -8.856684850671236e-10
SAMP_DEN_COEFF_1: 1.0
SAMP_DEN_COEFF_2: 0.00022143341449260454
SAMP_DEN_COEFF_3: 0.00032182469727759966
SAMP_DEN_COEFF_4: -0.0006219097926124486
SAMP_DEN_COEFF_5: -2.187730495962398e-06
SAMP_DEN_COEFF_6: 1.0848873400877547e-08
SAMP_DEN_COEFF_7: -1.801505623140896e-08
SAMP_DEN_COEFF_8: 3.151049300579178e-06
SAMP_DEN_COEFF_9: 5.979392744730616e-07
SAMP_DEN_COEFF_10: -9.906732634301307e-07
SAMP_DEN_COEFF_11: -4.717319048679933e-10
SAMP_DEN_COEFF_12: 3.912318340305831e-10
SAMP_DEN_COEFF_13: -1.1275741622261673e-08
SAMP_DEN_COEFF_14: 2.357635239458808e-10
SAMP_DEN_COEFF_15: -1.0741858128951858e-08
SAMP_DEN_COEFF_16: -2.8846116108894555e-08
SAMP_DEN_COEFF_17: -6.529974747889501e-10
SAMP_DEN_COEFF_18: 6.51205573769992e-09
SAMP_DEN_COEFF_19: 2.084117930258072e-09
SAMP_DEN_COEFF_20: 6.181459470227727e-10
