LINE_OFF: 2559.525173153602 pixels
SAMP_OFF: 2559.3818030198645 pixels
LAT_OFF: 29.99907324358997 degrees
LONG_OFF: -135.0002225374695 degrees
HEIGHT_OFF: 139.5 meters
LINE_SCALE: 2559.469942472716 pixels
SAMP_SCALE: 2559.0457402503935 pixels
LAT_SCALE: 0.06317910543403471 degrees
LONG_SCALE: 0.06744737935750322 degrees
HEIGHT_SCALE: 243.90000000000003 meters
LINE_NUM_COEFF_1: -0.0003237157299453852
LINE_NUM_COEFF_2: -0.21217224561465223
LINE_NUM_COEFF_3: -1.0804245907922334
LINE_NUM_COEFF_4: -0.01901746719932085
LINE_NUM_COEFF_5: 0.00010013314231510772
LINE_NUM_COEFF_6: 9.65112985617531e-07
LINE_NUM_COEFF_7: 3.9426897766662614e-06
LINE_NUM_COEFF_8: -6.757004244092369e-05
LINE_NUM_COEFF_9: 0.0001533193297299409
LINE_NUM_COEFF_10: 9.075735005846525e-07
LINE_NUM_COEFF_11: 1.7551884468997226e-08
LINE_NUM_COEFF_12: -1.886412939229665e-07
LINE_NUM_COEFF_13: -8.882439462708919e-07
LINE_NUM_COEFF_14: -1.295096664149128e-07
LINE_NUM_COEFF_15: -6.965138307429779e-07
LINE_NUM_COEFF_16: -2.4694775773277748e-06
LINE_NUM_COEFF_17: -4.823934901702082e-07
LINE_NUM_COEFF_18: -1.1631194702343913e-07
LINE_NUM_COEFF_19: -1.0263609418802153e-07
LINE_NUM_COEFF_20: -6.318181339123702e-09
LINE_DEN_COEFF_1: 1.0
LINE_DEN_COEFF_2: 2.5095358655630903e-05
LINE_DEN_COEFF_3: -0.00016319735564831694
LINE_DEN_COEFF_4: -1.684503675552843e-06
LINE_DEN_COEFF_5: -1.0097318769610322e-06
LINE_DEN_COEFF_6: -1.9783846205559882e-08
LINE_DEN_COEFF_7: -9.421132987230154e-08
LINE_DEN_COEFF_8: -1.2125180856624158e-07
LINE_DEN_COEFF_9: -1.8940101967871061e-06
LINE_DEN_COEFF_10: 4.453684994913275e-07
LINE_DEN_COEFF_11: 4.4308596699674844e-08
LINE_DEN_COEFF_12: 1.446023814981069e-08
LINE_DEN_COEFF_13: 1.2245503528691282e-06
LINE_DEN_COEFF_14: 1.4407598136854705e-10
LINE_DEN_COEFF_15: 2.5235969730559634e-07
LINE_DEN_COEFF_16: 2.0664169082201152e-06
LINE_DEN_COEFF_17: 3.1709127486800052e-09
LINE_DEN_COEFF_18: 1.9749053268707156e-09
LINE_DEN_COEFF_19: 1.0842527780732229e-07
LINE_DEN_COEFF_20: 6.478419228619515e-11
SAMP_NUM_COEFF_1: 0.0011553195253480514
SAMP_NUM_COEFF_2: 1.1004514777890952
SAMP_NUM_COEFF_3: -0.24823309757485396
SAMP_NUM_COEFF_4: 1.382847995566558e-05
SAMP_NUM_COEFF_5: -0.00012412134133498622
SAMP_NUM_COEFF_6: 0.0002824132101899854
SAMP_NUM_COEFF_7: -6.374899149551483e-05
SAMP_NUM_COEFF_8: -0.0006743453740984118
SAMP_NUM_COEFF_9: -5.578461917919281e-05
SAMP_NUM_COEFF_10: -2.270347214704561e-09
SAMP_NUM_COEFF_11: 3.013628085276452e-08
SAMP_NUM_COEFF_12: -3.467905942172591e-06
SAMP_NUM_COEFF_13: -2.937058163198133e-06
SAMP_NUM_COEFF_14: -7.393124896475632e-07
SAMP_NUM_COEFF_15: 1.3002607932641905e-06
SAMP_NUM_COEFF_16: -4.5081332250335914e-06
SAMP_NUM_COEFF_17: 1.6366718876190844e-07
SAMP_NUM_COEFF_18: -3.3900704455646665e-07
SAMP_NUM_COEFF_19: -2.72674881119171e-07
SAMP_NUM_COEFF_20: -1.0039569765123523e-10
SAMP_DEN_COEFF_1: 1.0
SAMP_DEN_COEFF_2: -0.000560102492688062
SAMP_DEN_COEFF_3: 0.0004095295856192209
SAMP_DEN_COEFF_4: -0.00032662476532385455
SAMP_DEN_COEFF_5: -2.2497678792629983e-06
SAMP_DEN_COEFF_6: 3.5594034734821614e-08
SAMP_DEN_COEFF_7: -1.3601268903280382e-08
SAMP_DEN_COEFF_8: 3.3889395446765393e-06
SAMP_DEN_COEFF_9: 1.091308010676262e-06
SAMP_DEN_COEFF_10: -7.954447641174872e-07
SAMP_DEN_COEFF_11: -1.4531419264381242e-09
SAMP_DEN_COEFF_12: -4.791729350892471e-09
SAMP_DEN_COEFF_13: -1.3043355831945632e-08
SAMP_DEN_COEFF_14: 8.613992915553626e-11
SAMP_DEN_COEFF_15: -7.482937822834976e-09
SAMP_DEN_COEFF_16: -2.404595995658859e-08
SAMP_DEN_COEFF_17: -5.277800423443223e-10
SAMP_DEN_COEFF_18: 3.1962647844032467e-09
SAMP_DEN_COEFF_19: -1.6159832762827167e-09
SAMP_DEN_COEFF_20: 4.418738681945855e-10
