LINE_OFF: 2559.5004880834167 pixels
SAMP_OFF: 2559.30939843337 pixels
LAT_OFF: 30.001029951664062 degrees
LONG_OFF: -134.99982160184354 degrees
HEIGHT_OFF: 139.5 meters
LINE_SCALE: 2559.4715849929307 pixels
SAMP_SCALE: 2559.168723807221 pixels
LAT_SCALE: 0.06275405213257912 degrees
LONG_SCALE: 0.06756452816077285 degrees
HEIGHT_SCALE: 243.90000000000003 meters
LINE_NUM_COEFF_1: 0.0004659915155326918
LINE_NUM_COEFF_2: -0.20849855106183263
LINE_NUM_COEFF_3: -1.0783839766266041
LINE_NUM_COEFF_4: 0.01882633281763737
LINE_NUM_COEFF_5: 0.0001271224470738111
LINE_NUM_COEFF_6: 1.5150511541117878e-06
LINE_NUM_COEFF_7: 6.010894819935982e-06
LINE_NUM_COEFF_8: -0.0005303621178885816
LINE_NUM_COEFF_9: -0.000270480219561071
LINE_NUM_COEFF_10: -8.916297920929259e-07
LINE_NUM_COEFF_11: 8.373484470722515e-08
LINE_NUM_COEFF_12: -1.6189257144974444e-07
LINE_NUM_COEFF_13: -1.3480326354167639e-06
LINE_NUM_COEFF_14: -1.3761185718715986e-07
LINE_NUM_COEFF_15: -7.378182449568338e-07
LINE_NUM_COEFF_16: -3.6479049175466583e-06
LINE_NUM_COEFF_17: -6.886736065054612e-07
LINE_NUM_COEFF_18: 1.9324477374982877e-08
LINE_NUM_COEFF_19: 1.1028521153499531e-07
LINE_NUM_COEFF_20: 1.2094615681724571e-08
LINE_DEN_COEFF_1: 1.0
LINE_DEN_COEFF_2: 0.0001237128486368537
LINE_DEN_COEFF_3: 0.00023758504820049683
LINE_DEN_COEFF_4: -1.9663966851098653e-06
LINE_DEN_COEFF_5: -1.5677910671062727e-06
LINE_DEN_COEFF_6: -1.6357487670190016e-08
LINE_DEN_COEFF_7: 1.698314873472704e-07
LINE_DEN_COEFF_8: 1.6268176882897964e-07
LINE_DEN_COEFF_9: -2.850535487697052e-06
LINE_DEN_COEFF_10: 6.367620196251085e-07
LINE_DEN_COEFF_11: 3.861613582283505e-08
LINE_DEN_COEFF_12: -1.4791888106115676e-08
LINE_DEN_COEFF_13: -1.0287987757523157e-06
LINE_DEN_COEFF_14: -3.4280519001290676e-10
LINE_DEN_COEFF_15: -2.1052040400462521e-07
LINE_DEN_COEFF_16: -1.7662218596166081e-06
LINE_DEN_COEFF_17: -1.5628138918802989e-09
LINE_DEN_COEFF_18: 3.917756862144469e-09
LINE_DEN_COEFF_19: 9.823256246438529e-08
LINE_DEN_COEFF_20: -8.858157048236779e-12
SAMP_NUM_COEFF_1: 0.00013607486220101206
SAMP_NUM_COEFF_2: 1.1001185786436563
SAMP_NUM_COEFF_3: -0.2462094031044208
SAMP_NUM_COEFF_4: 1.305373661195043e-05
SAMP_NUM_COEFF_5: -0.0003044509364879148
SAMP_NUM_COEFF_6: 0.00028263106698790333
SAMP_NUM_COEFF_7: -6.27909029632614e-05
SAMP_NUM_COEFF_8: -0.00013889125321336635
SAMP_NUM_COEFF_9: -5.4064981997753095e-05
SAMP_NUM_COEFF_10: -5.517596848733019e-09
SAMP_NUM_COEFF_11: 4.260316603943013e-08
SAMP_NUM_COEFF_12: -3.812649660913795e-06
SAMP_NUM_COEFF_13: -1.9549791991199208e-06
SAMP_NUM_COEFF_14: -7.351088965636382e-07
SAMP_NUM_COEFF_15: 1.4397344667893642e-06
SAMP_NUM_COEFF_16: -2.0474544306288813e-06
SAMP_NUM_COEFF_17: 1.630382685548679e-07
SAMP_NUM_COEFF_18: -3.760930849414643e-08
SAMP_NUM_COEFF_19: 8.484457429376628e-08
SAMP_NUM_COEFF_20: -9.704209613460064e-12
SAMP_DEN_COEFF_1: 1.0
SAMP_DEN_COEFF_2: -7.186368036391263e-05
SAMP_DEN_COEFF_3: 0.0003551234249853005
SAMP_DEN_COEFF_4: -0.0003263902374404456
SAMP_DEN_COEFF_5: -2.109058369360262e-06
SAMP_DEN_COEFF_6: 1.3339555275812878e-08
SAMP_DEN_COEFF_7: -3.579402216239625e-08
SAMP_DEN_COEFF_8: 3.1085008902019187e-06
SAMP_DEN_COEFF_9: 6.076265651876027e-07
SAMP_DEN_COEFF_10: -7.923581402701352e-07
SAMP_DEN_COEFF_11: -1.5333301373798702e-09
SAMP_DEN_COEFF_12: -1.0107747937069988e-09
SAMP_DEN_COEFF_13: 2.2101772742811123e-08
SAMP_DEN_COEFF_14: -2.0770612395325416e-11
SAMP_DEN_COEFF_15: -2.6809922325818537e-09
SAMP_DEN_COEFF_16: 2.8639986528058374e-08
SAMP_DEN_COEFF_17: -4.2448044931715403e-10
SAMP_DEN_COEFF_18: 3.2905765193021117e-09
SAMP_DEN_COEFF_19: -1.8344769891931896e-09
SAMP_DEN_COEFF_20: 3.806198320379079e-10
