LINE_OFF: 2558.533013802694 pixels
SAMP_OFF: 2559.3734866840186 pixels
LAT_OFF: 30.000889833623493 degrees
LONG_OFF: -134.99984385904176 degrees
HEIGHT_OFF: 139.5 meters
LINE_SCALE: 2558.2760226595447 pixels
SAMP_SCALE: 2559.008895409128 pixels
LAT_SCALE: 0.06317706802911616 degrees
LONG_SCALE: 0.0672597244826818 degrees
HEIGHT_SCALE: 243.90000000000003 meters
LINE_NUM_COEFF_1: -8.970081122497898e-06
LINE_NUM_COEFF_2: 0.21162050329604695
LINE_NUM_COEFF_3: 1.0811419886677027
LINE_NUM_COEFF_4: -0.019029595438329647
LINE_NUM_COEFF_5: 6.378553173717812e-05
LINE_NUM_COEFF_6: -8.87529646616754e-07
LINE_NUM_COEFF_7: -6.028492999308889e-07
LINE_NUM_COEFF_8: -6.775093160304039e-05
LINE_NUM_COEFF_9: 2.73310425070943e-05
LINE_NUM_COEFF_10: 9.58603620324066e-07
LINE_NUM_COEFF_11: -1.3348853473683805e-07
LINE_NUM_COEFF_12: 4.7165863365915696e-07
LINE_NUM_COEFF_13: 5.039078501077169e-06
LINE_NUM_COEFF_14: 5.113549811782741e-07
LINE_NUM_COEFF_15: 2.650486436151884e-06
LINE_NUM_COEFF_16: 1.2304360444526847e-05
LINE_NUM_COEFF_17: 2.456426890894118e-06
LINE_NUM_COEFF_18: -1.5171656497522526e-07
LINE_NUM_COEFF_19: -4.4174001016986914e-07
LINE_NUM_COEFF_20: -4.1081415286749014e-08
LINE_DEN_COEFF_1: 1.0
LINE_DEN_COEFF_2: -5.265408383070353e-05
LINE_DEN_COEFF_3: -3.29443680011861e-05
LINE_DEN_COEFF_4: 6.774317517433538e-07
LINE_DEN_COEFF_5: -5.76640049503029e-06
LINE_DEN_COEFF_6: 6.162486867794516e-08
LINE_DEN_COEFF_7: 5.458780645641079e-07
LINE_DEN_COEFF_8: 5.725465325462296e-07
LINE_DEN_COEFF_9: -1.0024591827588213e-05
LINE_DEN_COEFF_10: 2.255987126375792e-06
LINE_DEN_COEFF_11: 4.417500963445362e-08
LINE_DEN_COEFF_12: -1.4594866510965081e-08
LINE_DEN_COEFF_13: -1.2208065268871459e-06
LINE_DEN_COEFF_14: -5.630486747570165e-10
LINE_DEN_COEFF_15: -2.512828941500804e-07
LINE_DEN_COEFF_16: -2.0643394293493334e-06
LINE_DEN_COEFF_17: -4.552016428770062e-09
LINE_DEN_COEFF_18: 1.9729197463401834e-09
LINE_DEN_COEFF_19: 1.083042303571696e-07
LINE_DEN_COEFF_20: 8.900818718332426e-11
SAMP_NUM_COEFF_1: 0.0011059474655201573
SAMP_NUM_COEFF_2: -1.0987691999261955
SAMP_NUM_COEFF_3: 0.24700340887068087
SAMP_NUM_COEFF_4: -0.0010296722836284791
SAMP_NUM_COEFF_5: -0.00012830467406353907
SAMP_NUM_COEFF_6: -0.0002834983967065132
SAMP_NUM_COEFF_7: 6.301419209961318e-05
SAMP_NUM_COEFF_8: -0.0006302197351419187
SAMP_NUM_COEFF_9: -2.4374176292062573e-05
SAMP_NUM_COEFF_10: -2.259981408916862e-07
SAMP_NUM_COEFF_11: 2.5044369783838695e-08
SAMP_NUM_COEFF_12: 3.526363328609696e-06
SAMP_NUM_COEFF_13: 3.0072213599723225e-06
SAMP_NUM_COEFF_14: 7.265361440082781e-07
SAMP_NUM_COEFF_15: -1.2606416882484766e-06
SAMP_NUM_COEFF_16: 4.5364304430855985e-06
SAMP_NUM_COEFF_17: -1.676169417670182e-07
SAMP_NUM_COEFF_18: -3.2793199704726655e-07
SAMP_NUM_COEFF_19: -2.7496320658538225e-07
SAMP_NUM_COEFF_20: 6.866753236037632e-10
SAMP_DEN_COEFF_1: 1.0
SAMP_DEN_COEFF_2: 0.0005541126524920708
SAMP_DEN_COEFF_3: -0.0004080661728602445
SAMP_DEN_COEFF_4: -0.00032592856377447157
SAMP_DEN_COEFF_5: -2.1923229638121578e-06
SAMP_DEN_COEFF_6: -1.9959173349674007e-08
SAMP_DEN_COEFF_7: 5.3051009123853746e-09
SAMP_DEN_COEFF_8: 3.3371160116748383e-06
SAMP_DEN_COEFF_9: 1.1809228198543787e-06
SAMP_DEN_COEFF_10: -7.857116788666036e-07
SAMP_DEN_COEFF_11: -1.4433812732675288e-09
SAMP_DEN_COEFF_12: 4.664376428838132e-09
SAMP_DEN_COEFF_13: 1.3020997222825836e-08
SAMP_DEN_COEFF_14: 4.879308493006465e-10
SAMP_DEN_COEFF_15: 7.555302871579126e-09
SAMP_DEN_COEFF_16: 2.402973491296182e-08
SAMP_DEN_COEFF_17: 4.5701528258883554e-10
SAMP_DEN_COEFF_18: 3.236609602754904e-09
SAMP_DEN_COEFF_19: -1.5794350306244369e-09
SAMP_DEN_COEFF_20: 4.4915446774978853e-10
