LINE_OFF: 2559.5113984907352 pixels
SAMP_OFF: 2559.3103032071576 pixels
LAT_OFF: 29.99901893880625 degrees
LONG_OFF: -135.00023568286394 degrees
HEIGHT_OFF: 139.5 meters
LINE_SCALE: 2559.438237131258 pixels
SAMP_SCALE: 2559.3093671080187 pixels
LAT_SCALE: 0.062664751987068 degrees
LONG_SCALE: 0.06750216005929133 degrees
HEIGHT_SCALE: 243.90000000000003 meters
LINE_NUM_COEFF_1: 0.0004694694938638732
LINE_NUM_COEFF_2: 0.2068231641271096
LINE_NUM_COEFF_3: 1.0774512579840354
LINE_NUM_COEFF_4: 0.0188302428535951
LINE_NUM_COEFF_5: 0.00012511026429650517
LINE_NUM_COEFF_6: -1.5515091825144052e-06
LINE_NUM_COEFF_7: -6.198706226260582e-06
LINE_NUM_COEFF_8: -0.0005292599865074927
LINE_NUM_COEFF_9: -0.0002756427416558968
LINE_NUM_COEFF_10: -8.952191747171548e-07
LINE_NUM_COEFF_11: -3.8679052335777637e-07
LINE_NUM_COEFF_12: -7.265955167423513e-08
LINE_NUM_COEFF_13: -2.2712521722152534e-06
LINE_NUM_COEFF_14: -1.8100069595682655e-07
LINE_NUM_COEFF_15: -6.395591934875162e-07
LINE_NUM_COEFF_16: -4.793749320923072e-06
LINE_NUM_COEFF_17: -8.794437487839774e-07
LINE_NUM_COEFF_18: -8.154100377315108e-08
LINE_NUM_COEFF_19: -9.559388669044874e-08
LINE_NUM_COEFF_20: -1.5262262735001645e-08
LINE_DEN_COEFF_1: 1.0
LINE_DEN_COEFF_2: -0.00012248107086508135
LINE_DEN_COEFF_3: -0.00023495505195489686
LINE_DEN_COEFF_4: -1.8316312967323688e-06
LINE_DEN_COEFF_5: 2.3661583168329865e-06
LINE_DEN_COEFF_6: -2.684442638851479e-07
LINE_DEN_COEFF_7: 3.2802418020113027e-07
LINE_DEN_COEFF_8: -1.7774728671826627e-07
LINE_DEN_COEFF_9: 4.069377002991482e-06
LINE_DEN_COEFF_10: -8.147338568214973e-07
LINE_DEN_COEFF_11: 3.852912575772981e-08
LINE_DEN_COEFF_12: 1.4712924472437589e-08
LINE_DEN_COEFF_13: 1.026925741984428e-06
LINE_DEN_COEFF_14: 4.2732943011328704e-10
LINE_DEN_COEFF_15: 2.0827571054349402e-07
LINE_DEN_COEFF_16: 1.7598819981941226e-06
LINE_DEN_COEFF_17: 1.614911437207255e-09
LINE_DEN_COEFF_18: 4.001285090096823e-09
LINE_DEN_COEFF_19: 9.80260433234098e-08
LINE_DEN_COEFF_20: -1.383003533817877e-11
SAMP_NUM_COEFF_1: 9.079194375663181e-05
SAMP_NUM_COEFF_2: -1.1004302128117673
SAMP_NUM_COEFF_3: 0.2445531956537151
SAMP_NUM_COEFF_4: -0.0010274546326383724
SAMP_NUM_COEFF_5: -0.00031172778074802947
SAMP_NUM_COEFF_6: -0.0002826594070859106
SAMP_NUM_COEFF_7: 6.316996668295546e-05
SAMP_NUM_COEFF_8: -9.838487635327363e-05
SAMP_NUM_COEFF_9: -3.8475554835558065e-05
SAMP_NUM_COEFF_10: -2.3326113857443473e-07
SAMP_NUM_COEFF_11: 2.494265116770821e-08
SAMP_NUM_COEFF_12: 3.7948312108010225e-06
SAMP_NUM_COEFF_13: 1.8650164630829934e-06
SAMP_NUM_COEFF_14: 7.040921456148256e-07
SAMP_NUM_COEFF_15: -1.4695688197204578e-06
SAMP_NUM_COEFF_16: 2.0008948997646103e-06
SAMP_NUM_COEFF_17: -1.6391542220072705e-07
SAMP_NUM_COEFF_18: -3.148465969995775e-08
SAMP_NUM_COEFF_19: 8.46874354346287e-08
SAMP_NUM_COEFF_20: 6.446166479267641e-10
SAMP_DEN_COEFF_1: 1.0
SAMP_DEN_COEFF_2: 6.758773301603847e-05
SAMP_DEN_COEFF_3: -0.000355761795958807
SAMP_DEN_COEFF_4: -0.0003264042913155858
SAMP_DEN_COEFF_5: -2.1234665173850663e-06
SAMP_DEN_COEFF_6: 4.66317301727416e-09
SAMP_DEN_COEFF_7: 3.893491002113426e-08
SAMP_DEN_COEFF_8: 3.124660978469603e-06
SAMP_DEN_COEFF_9: 4.6499514643587084e-07
SAMP_DEN_COEFF_10: -7.646682421238794e-07
SAMP_DEN_COEFF_11: -1.5563390188270707e-09
SAMP_DEN_COEFF_12: 9.131253517025973e-10
SAMP_DEN_COEFF_13: -2.2077054296963823e-08
SAMP_DEN_COEFF_14: 5.941341237056547e-10
SAMP_DEN_COEFF_15: 2.7103843536378457e-09
SAMP_DEN_COEFF_16: -2.8586876985642385e-08
SAMP_DEN_COEFF_17: 3.198484461757654e-10
SAMP_DEN_COEFF_18: 3.280513567693719e-09
SAMP_DEN_COEFF_19: -1.867103092820978e-09
SAMP_DEN_COEFF_20: 3.7612018814029704e-10
